NAME,ROLE
Key1,Employee